           0.95125           2.27901           0.70717
           0.49026           1.17818           0.36470
           0.33009           0.79409           0.24557
           0.25032           0.60108           0.18610
           0.05716           0.13646           0.04242
           0.04174           0.08732           0.02983
           0.06686           0.10324           0.04321
           0.20727           0.25023           0.12113
           0.88660           0.98987           0.50068
           4.15298           4.65776           2.35483
          19.80119          22.75647          11.37599
          94.66750         111.89109          55.17596
         452.54431         550.26114         267.49976
        2161.79976        2702.61347        1295.03041
       10318.05061       13249.70712        6258.79078
       49202.64115       64820.65067       30193.18041
      234415.26258      316398.70549      145387.13916
     1115827.96053     1540756.38316      698802.35082
     5306828.60578     7485150.11976     3352899.89783
    25218263.05089    36277969.83510    16060543.69227
   119744394.38672   175422195.57586    76809355.92102
   568163822.43958   846367614.83605   366796854.79215
  2693946331.21210  4074813989.29775  1749197097.82583
 12764964560.95149 19578396724.44457  8330997698.12190
 === combined ===
 Vsur =   99.427240080134098       h^-3 Gpc^3
 ngal =   1.5413545801207555E-017  10^-3 h^3 Mpc^-3
           0.02929           0.05740           0.02066
 *** Error on w, with  Om0, ob0, ok0 and  H0 marginalized over ***
 The Fisher Matrix = [   31.156912154467740        2.7002715527872265        2.4562779025048060        33.850675954360725        58.697331580484772        344.88321172947570      ;   2.7002715527872265       0.25568314941699610       0.21944319756203035        2.9970986213519049        5.2440035865832293        26.797855856438023      ;   2.4562779025048060       0.21944319756203037       0.19565792376186453        2.6879581188655979        4.6756102050537036        26.300013108522222      ;   33.850675954360725        2.9970986213519049        2.6879581188655979        36.993717546526298        64.233761504191833        365.88938907033850      ;   58.697331580484772        5.2440035865832284        4.6756102050537036        64.233761504191833        111.73240709744927        628.48775719872094      ;   344.88321172947570        26.797855856438023        26.300013108522222        365.88938907033850        628.48775719872106        4395.7861440147462      ]
 Figure of Merit  =   1.8293181342685838E-003
            Err[w] = 15.87590
           Err[wa] =123.22610
         Err[wa_w] =*********
      Err[ Omega_m]=*********
 Err[ Omega_b]=   6.2164448249833349E-003
     Err[Omega_m_w]=539.01228
       Err[Omega_k]=*********
     Err[Omega_k_w]=*********
          Err[H_0] =  5.72465
 *** Error on w, with  Om0, ob0, ok0 and  H0 marginalized over ***
 The Fisher Matrix = [   8921.4770211480518        2462.5996256906888        5623.6875770853867       -143835.01185180221        134388.48026138125        129507.20381928149      ;   2462.5996256906888        680.89538546639824        1555.5811256561558       -39804.672104939644        37173.505913101573        35765.253293479313      ;   5623.6875770853867        1555.5811256561558        3554.4255317106472       -90963.682555441250        84939.612818323018        81693.919443344916      ;  -143835.01185180221       -39804.672104939644       -90963.682555441250        2328215.2090432076       -2173746.4768517772       -2089821.6313567397      ;   134388.48026138125        37173.505913101573        84939.612818323018       -2173746.4768517772        2029790.1197705977        1952228.2363837883      ;   129507.20381928149        35765.253293479313        81693.919443344916       -2089821.6313567397        1952228.2363837883        1880920.4624435075      ]
 Figure of Merit  =   3.0697952807443845E-003
            Err[w] = 11.74565
           Err[wa] = 78.84564
         Err[wa_w] =866.90960
      Err[ Omega_m]=*********
 Err[ Omega_b]=   4.6709373150491604E-003
     Err[Omega_m_w]= 35.23486
       Err[Omega_k]=*********
     Err[Omega_k_w]=763.85831
          Err[H_0] =  4.77552
