           0.95113           2.27889           0.70709
           0.48916           1.17705           0.36400
           0.32797           0.79191           0.24424
           0.24690           0.59756           0.18395
           0.05571           0.13496           0.04151
           0.03337           0.07817           0.02463
           0.03129           0.06330           0.02214
           0.04845           0.07680           0.03164
           0.11689           0.15061           0.07040
           0.36992           0.43482           0.21431
           1.31199           1.52596           0.75784
           4.83007           5.72489           2.81865
          18.00769          21.91017          10.64734
          67.51038          84.41182          40.44475
         253.91468         326.07027         154.02339
         957.14152        1260.96935         587.35135
        3614.00924        4877.96702        2241.45320
       13663.49792       18866.82468        8556.95175
       51709.98389       72935.65684       32670.81321
      195856.10590      281750.65232      124733.23665
      742303.76190     1087454.29852      476146.49733
     2814850.45456     4193153.76002     1817219.35318
    10678669.16085    16152359.82714     6933730.22705
    40526117.29913    62157352.52938    26449191.32593
 === combined ===
 Vsur =   99.427240080134098       h^-3 Gpc^3
 ngal =   4.8549769645191211E-015  10^-3 h^3 Mpc^-3
           0.01892           0.03785           0.01342
 *** Error on w, with  Om0, ob0, ok0 and  H0 marginalized over ***
 The Fisher Matrix = [   107.94933361700220        11.431259042353236        9.2189870200521558        121.53559843616011        220.30485125496833        1002.4616256176150      ;   11.431259042353236        1.3081267531402330        1.0101189755668438        13.187471827641883        24.138672738994210        97.142279498124864      ;   9.2189870200521558        1.0101189755668438       0.79927599665871252        10.490290037068199        19.100187382037142        82.673138398718734      ;   121.53559843616011        13.187471827641883        10.490290037068199        138.06881696692960        250.68500272437851        1100.2261385162456      ;   220.30485125496833        24.138672738994210        19.100187382037142        250.68500272437851        456.43452268554211        1975.6284956357488      ;   1002.4616256176150        97.142279498124864        82.673138398718734        1100.2261385162456        1975.6284956357483        10413.162136965044      ]
 Figure of Merit  =   1.0518431141631167E-002
            Err[w] =  4.46972
           Err[wa] = 48.17071
         Err[wa_w] =193.18318
      Err[ Omega_m]=      NaN
 Err[ Omega_b]=   4.2195905404699740E-003
     Err[Omega_m_w]=-16.77392
       Err[Omega_k]=      NaN
     Err[Omega_k_w]=-64.10496
          Err[H_0] =  2.23180
 *** Error on w, with  Om0, ob0, ok0 and  H0 marginalized over ***
 The Fisher Matrix = [   8998.2694426105863        2471.3306131802547        5630.4502862029340       -143747.32692932041        134550.08778105574        130164.78223316962      ;   2471.3306131802547        681.94782907012143        1556.3718014341607       -39794.481731733351        37192.400582253984        35835.597717121003      ;   5630.4502862029340        1556.3718014341607        3555.0291497835442       -90955.880223523054        84954.037395499996        81750.292568635108      ;  -143747.32692932041       -39794.481731733351       -90955.880223523054        2328316.2841426278       -2173560.0256105573       -2089087.2946072938      ;   134550.08778105574        37192.400582253984        84954.037395499996       -2173560.0256105573        2030134.8218861858        1953575.3771222252      ;   130164.78223316962        35835.597717121003        81750.292568635108       -2089087.2946072938        1953575.3771222252        1886937.8384364578      ]
 Figure of Merit  =   1.5528411712375626E-002
            Err[w] =  3.79331
           Err[wa] = 34.38516
         Err[wa_w] =113.42766
      Err[ Omega_m]=*********
 Err[ Omega_b]=   3.3892655995958259E-003
     Err[Omega_m_w]= -6.17469
       Err[Omega_k]=*********
     Err[Omega_k_w]=*********
          Err[H_0] =  1.75515
