           0.94843           2.27614           0.70540
           0.48639           1.17424           0.36227
           0.32487           0.78876           0.24229
           0.24327           0.59385           0.18167
           0.05449           0.13371           0.04074
           0.02955           0.07412           0.02221
           0.01984           0.05058           0.01497
           0.01487           0.03830           0.01124
           0.01189           0.03080           0.00900
           0.00992           0.02577           0.00752
           0.00855           0.02216           0.00647
           0.00753           0.01945           0.00570
           0.00677           0.01735           0.00511
           0.00617           0.01569           0.00465
           0.00569           0.01434           0.00428
           0.00530           0.01323           0.00398
           0.00498           0.01230           0.00373
           0.00472           0.01151           0.00352
           0.00450           0.01085           0.00335
           0.00431           0.01027           0.00320
           0.00415           0.00977           0.00307
           0.00401           0.00934           0.00296
           0.00389           0.00896           0.00287
           0.00379           0.00863           0.00278
 === combined ===
 Vsur =   99.427240080134098       h^-3 Gpc^3
 ngal =   10367.330740116739       10^-3 h^3 Mpc^-3
           0.00127           0.00306           0.00095
 *** Error on w, with  Om0, ob0, ok0 and  H0 marginalized over ***
 The Fisher Matrix = [   46208.584399331783        10745.718931587520        8438.0802120040480        55178.436361697961        201643.62981959456        309432.14413797663      ;   10745.718931587520        2577.4847598296697        2058.3803380063282        13387.848107974447        49188.828794779030        72283.604092247391      ;   8438.0802120040480        2058.3803380063282        1667.6443642266333        10788.728968375168        39851.465546922540        57221.221624641934      ;   55178.436361697961        13387.848107974447        10788.728968375168        74684.818088868880        257816.75637879479        372961.93560838071      ;   201643.62981959456        49188.828794779030        39851.465546922547        257816.75637879476        952324.93228497764        1367407.5786444696      ;   309432.14413797663        72283.604092247406        57221.221624641934        372961.93560838071        1367407.5786444696        2086205.0416575095      ]
 Figure of Merit  =   17.012714959226685     
            Err[w] =  0.22203
           Err[wa] =  0.99067
         Err[wa_w] = -0.21196
      Err[ Omega_m]=      NaN
 Err[ Omega_b]=   9.8600040945612212E-004
     Err[Omega_m_w]=  0.00320
       Err[Omega_k]=      NaN
     Err[Omega_k_w]=  0.01176
          Err[H_0] =  0.01452
 *** Error on w, with  Om0, ob0, ok0 and  H0 marginalized over ***
 The Fisher Matrix = [   55098.904508325366        13205.618285725421        14059.311511186930       -88690.426166058605        335973.41274939536        438594.46474552865      ;   13205.618285725421        3258.1244621466508        3613.7420204649220       -26419.821095586551        86357.090704294023        108022.05952987027      ;   14059.311511186930        3613.7420204649220        5221.8742380135191       -80177.641545184946        124786.40275504050        138888.84105487831      ;  -88690.426166058605       -26419.821095586551       -80177.641545184946        2402863.0334145301       -1915993.9542344867       -1717225.5851374294      ;   335973.41274939536        86357.090704294023        124786.40275504050       -1915993.9542344867        2982003.3196484777        3319007.3272710592      ;   438594.46474552865        108022.05952987028        138888.84105487831       -1717225.5851374294        3319007.3272710592        3962729.7179570021      ]
 Figure of Merit  =   19.642646546540043     
            Err[w] =  0.19785
           Err[wa] =  0.86174
         Err[wa_w] = -0.16272
      Err[ Omega_m]=*********
 Err[ Omega_b]=   8.9958970187448075E-004
     Err[Omega_m_w]= -0.00733
       Err[Omega_k]=*********
     Err[Omega_k_w]=  0.38715
          Err[H_0] =  0.00833
