           0.38951           0.93154           0.28942
           0.19958           0.48039           0.14853
           0.13327           0.32264           0.09931
           0.09979           0.24291           0.07446
           0.02235           0.05469           0.01670
           0.01214           0.03033           0.00911
           0.00817           0.02072           0.00615
           0.00614           0.01571           0.00464
           0.00494           0.01267           0.00373
           0.00416           0.01063           0.00314
           0.00363           0.00919           0.00273
           0.00326           0.00814           0.00245
           0.00301           0.00735           0.00224
           0.00285           0.00677           0.00211
           0.00278           0.00637           0.00204
           0.00279           0.00612           0.00202
           0.00288           0.00603           0.00206
           0.00309           0.00611           0.00218
           0.00343           0.00641           0.00238
           0.00396           0.00698           0.00269
           0.00473           0.00791           0.00316
           0.00586           0.00934           0.00386
           0.00751           0.01150           0.00488
           0.00993           0.01471           0.00637
 === combined ===
 Vsur =   596.56344048080450       h^-3 Gpc^3
 ngal =   4.4577024957782399E-005  10^-3 h^3 Mpc^-3
           0.00088           0.00188           0.00064
 *** Error on w, with  Om0, ob0, ok0 and  H0 marginalized over ***
 The Fisher Matrix = [   106958.81835691635        23116.518569837088        17131.191789880755        137929.20585190039        409381.70873665705        700106.99538669060      ;   23116.518569837088        5220.1416802412004        3927.0955497670670        31192.685420226262        93845.256433671311        150600.61173093572      ;   17131.191789880751        3927.0955497670666        2988.0314079025538        23533.544331741530        71404.571178083876        112215.43858358455      ;   137929.20585190039        31192.685420226262        23533.544331741530        193196.27917924459        562377.83741637052        900968.43905431149      ;   409381.70873665705        93845.256433671311        71404.571178083876        562377.83741637052        1706345.1112466764        2681596.7363763326      ;   700106.99538669060        150600.61173093572        112215.43858358455        900968.43905431149        2681596.7363763326        4626588.4532085890      ]
 Figure of Merit  =   54.541943006232650     
            Err[w] =  0.10497
           Err[wa] =  0.54202
         Err[wa_w] = -0.05386
      Err[ Omega_m]=*********
 Err[ Omega_b]=   4.5033410360616064E-004
     Err[Omega_m_w]=  0.01752
       Err[Omega_k]=*********
     Err[Omega_k_w]= -0.39476
          Err[H_0] =  0.01228
 *** Error on w, with  Om0, ob0, ok0 and  H0 marginalized over ***
 The Fisher Matrix = [   115849.13846590994        25576.417923974990        22752.423089063639       -5939.6566758561821        543711.49166645785        829269.31599424267      ;   25576.417923974990        5900.7813825581816        5482.4572322256608       -8614.9837833347337        131013.51834318630        186339.06716855860      ;   22752.423089063632        5482.4572322256608        6542.2612816894398       -67432.826181818586        156339.50838620184        193883.05801382093      ;  -5939.6566758561821       -8614.9837833347337       -67432.826181818586        2521374.4945049058       -1611432.8731969111       -1189219.0816914986      ;   543711.49166645785        131013.51834318630        156339.50838620184       -1611432.8731969111        3736023.4986101766        4633196.4850029219      ;   829269.31599424267        186339.06716855860        193883.05801382093       -1189219.0816914986        4633196.4850029219        6503113.1295080818      ]
 Figure of Merit  =   59.254657663295283     
            Err[w] =  0.09685
           Err[wa] =  0.50015
         Err[wa_w] = -0.04540
      Err[ Omega_m]=*********
 Err[ Omega_b]=   4.2387089732259803E-004
     Err[Omega_m_w]=  0.00323
       Err[Omega_k]=*********
     Err[Omega_k_w]= -0.00091
          Err[H_0] =  0.00620
