           0.94927           2.27699           0.70593
           0.48740           1.17526           0.36290
           0.32608           0.78998           0.24305
           0.24475           0.59535           0.18260
           0.05500           0.13423           0.04106
           0.03112           0.07576           0.02320
           0.02429           0.05539           0.01779
           0.02660           0.05157           0.01858
           0.04214           0.06588           0.02740
           0.09121           0.11992           0.05545
           0.24077           0.29068           0.14128
           0.69793           0.82803           0.40705
           2.09353           2.51667           1.23012
           6.34790           7.80817           3.77292
          19.30735          24.35495          11.61450
          58.76425          76.00626          35.76163
         178.84044         236.95023         110.01724
         544.08320         737.51283         338.05120
        1654.51231        2291.35699        1037.38594
        5028.80375        7105.43724        3179.30214
       15277.26897       21991.58405        9731.31883
       46389.02236       67935.96146       29749.76861
      140792.17426      209479.56467       90843.85023
      427113.08909      644779.71628      277100.78619
 === combined ===
 Vsur =   99.427240080134098       h^-3 Gpc^3
 ngal =   5.4263791467324359E-013  10^-3 h^3 Mpc^-3
           0.01382           0.02818           0.00986
 *** Error on w, with  Om0, ob0, ok0 and  H0 marginalized over ***
 The Fisher Matrix = [   249.60472295662143        30.001740795933745        22.716805666264953        288.49012442035144        542.86034706513908        2095.5513424453102      ;   30.001740795933745        3.8750758775763741        2.8345102961978110        35.622509775606062        67.735898513175442        233.41196139024015      ;   22.716805666264953        2.8345102961978110        2.1086080379335641        26.625533180640392        50.389113157614133        184.06482328754512      ;   288.49012442035149        35.622509775606062        26.625533180640392        337.50906243949839        636.26666511045994        2359.2682423933334      ;   542.86034706513908        67.735898513175442        50.389113157614126        636.26666511045994        1204.1416323628957        4398.5714946158232      ;   2095.5513424453102        233.41196139024015        184.06482328754512        2359.2682423933338        4398.5714946158232        19287.346570257738      ]
 Figure of Merit  =   3.3455845862578444E-002
            Err[w] =  1.75476
           Err[wa] = 25.80438
         Err[wa_w] = 34.01333
      Err[ Omega_m]=*********
 Err[ Omega_b]=   3.3064865338551705E-003
     Err[Omega_m_w]= -2.22119
       Err[Omega_k]=*********
     Err[Omega_k_w]= -7.17992
          Err[H_0] =  1.17233
 *** Error on w, with  Om0, ob0, ok0 and  H0 marginalized over ***
 The Fisher Matrix = [   9139.9248319502058        2489.9010949338349        5643.9481048491471       -143580.37240333622        134872.64327686591        131257.87194999732      ;   2489.9010949338349        684.51477819455761        1558.1961927547916       -39772.046693785393        37235.997808028165        35971.867399013114      ;   5643.9481048491471        1558.1961927547916        3556.3384818248192       -90939.744980379473        84985.326321275570        81851.684253523927      ;  -143580.37240333622       -39772.046693785393       -90939.744980379473        2328515.7243881007       -2173174.4439481711       -2087828.2525034167      ;   134872.64327686591        37235.997808028165        84985.326321275570       -2173174.4439481711        2030882.5289958632        1955998.3201212054      ;   131257.87194999732        35971.867399013114        81851.684253523927       -2087828.2525034167        1955998.3201212054        1895812.0228697506      ]
 Figure of Merit  =   4.5774274718936893E-002
            Err[w] =  1.64837
           Err[wa] = 19.67312
         Err[wa_w] = 23.96557
      Err[ Omega_m]=*********
 Err[ Omega_b]=   2.7600822095655408E-003
     Err[Omega_m_w]= -1.72147
       Err[Omega_k]=*********
     Err[Omega_k_w]=-17.86729
          Err[H_0] =  0.87227
