           0.38771           0.92973           0.28830
           0.19902           0.47983           0.14818
           0.13307           0.32244           0.09919
           0.09977           0.24289           0.07445
           0.02238           0.05472           0.01672
           0.01229           0.03049           0.00921
           0.00851           0.02106           0.00637
           0.00680           0.01641           0.00505
           0.00616           0.01401           0.00451
           0.00638           0.01317           0.00454
           0.00761           0.01390           0.00522
           0.01041           0.01678           0.00685
           0.01607           0.02335           0.01019
           0.02733           0.03700           0.01688
           0.04979           0.06501           0.03033
           0.09479           0.12256           0.05758
           0.18506           0.24097           0.11288
           0.36624           0.48435           0.22503
           0.73000           0.98388           0.45236
           1.46062           2.00790           0.91283
           2.92861           4.10465           1.84517
           5.87933           8.39323           3.73216
          11.81239          17.15565           7.54995
          23.74561          35.04058          15.27156
 === combined ===
 Vsur =   596.56344048080450       h^-3 Gpc^3
 ngal =   4.9467579583319961E-009  10^-3 h^3 Mpc^-3
           0.00279           0.00577           0.00200
 *** Error on w, with  Om0, ob0, ok0 and  H0 marginalized over ***
 The Fisher Matrix = [   9083.7570070458005        1444.0797448334781        1003.9991003267629        11256.586878878890        23992.426931126996        63657.055098147306      ;   1444.0797448334781        244.27935615917903        167.50947274330969        1853.1373909147944        4002.9505840766692        9643.2858844371167      ;   1003.9991003267629        167.50947274330969        115.38925142494641        1278.9555103991925        2757.4409006436745        6807.9625811513733      ;   11256.586878878888        1853.1373909147940        1278.9555103991925        14315.034941378557        30563.022039987882        76934.744630453861      ;   23992.426931126996        4002.9505840766692        2757.4409006436745        30563.022039987882        65894.181881301018        162688.93540338866      ;   63657.055098147306        9643.2858844371185        6807.9625811513733        76934.744630453861        162688.93540338866        468632.37509152788      ]
 Figure of Merit  =   2.5938828250251991     
            Err[w] =  0.18057
           Err[wa] =  2.64618
         Err[wa_w] = -0.28229
      Err[ Omega_m]=      NaN
 Err[ Omega_b]=   8.1299145210988295E-004
     Err[Omega_m_w]= -0.00165
       Err[Omega_k]=      NaN
     Err[Omega_k_w]=  0.33594
          Err[H_0] =  0.10641
 *** Error on w, with  Om0, ob0, ok0 and  H0 marginalized over ***
 The Fisher Matrix = [   17974.077116039385        3903.9790989713792        6625.2303995096454       -132612.27564887769        158322.20986092777        192819.37570569932      ;   3903.9790989713792        924.91905847616022        1722.8711552019035       -37954.531812646201        41171.212493591665        45381.741322059992      ;   6625.2303995096454        1722.8711552019035        3669.6191252118319       -89687.415003160932        87692.378108761637        88475.582011387756      ;  -132612.27564887769       -37954.531812646201       -89687.415003160932        2342493.2502670395       -2143247.6885732934       -2013252.7761153562      ;   158322.20986092777        41171.212493591665        87692.378108761637       -2143247.6885732934        2095572.5692448013        2114288.6840299782      ;   192819.37570569932        45381.741322059999        88475.582011387756       -2013252.7761153562        2114288.6840299782        2345157.0513910209      ]
 Figure of Merit  =   3.0728711738208787     
            Err[w] =  0.16076
           Err[wa] =  2.29569
         Err[wa_w] = -0.17406
      Err[ Omega_m]=*********
 Err[ Omega_b]=   7.3246708365002852E-004
     Err[Omega_m_w]= -0.00795
       Err[Omega_k]=*********
     Err[Omega_k_w]=  0.22168
          Err[H_0] =  0.06591
