           0.38886           0.93079           0.28900
           0.19945           0.48021           0.14844
           0.13325           0.32260           0.09930
           0.09982           0.24292           0.07448
           0.02237           0.05470           0.01671
           0.01218           0.03037           0.00914
           0.00823           0.02077           0.00619
           0.00624           0.01580           0.00469
           0.00508           0.01281           0.00382
           0.00438           0.01086           0.00328
           0.00397           0.00956           0.00295
           0.00379           0.00873           0.00278
           0.00382           0.00829           0.00276
           0.00408           0.00826           0.00289
           0.00465           0.00871           0.00322
           0.00566           0.00979           0.00382
           0.00732           0.01180           0.00484
           0.01004           0.01527           0.00650
           0.01446           0.02109           0.00922
           0.02172           0.03085           0.01372
           0.03370           0.04726           0.02120
           0.05356           0.07496           0.03369
           0.08661           0.12186           0.05462
           0.14173           0.20137           0.08975
 === combined ===
 Vsur =   596.56344048080450       h^-3 Gpc^3
 ngal =   1.2664196534438299E-006  10^-3 h^3 Mpc^-3
           0.00139           0.00294           0.00100
 *** Error on w, with  Om0, ob0, ok0 and  H0 marginalized over ***
 The Fisher Matrix = [   42992.215655982007        8360.5667549167210        5885.2710948306112        55550.259532099553        140639.50522131077        280810.43686116766      ;   8360.5667549167210        1710.8857447947460        1209.9001307732024        11257.343499497427        28912.815232692334        53482.584596658373      ;   5885.2710948306112        1209.9001307732024        859.32650615489035        7964.3622221014066        20535.206059638611        37789.055354417054      ;   55550.259532099553        11257.343499497427        7964.3622221014066        75526.410827562882        190323.25686806464        357553.28812856704      ;   140639.50522131077        28912.815232692337        20535.206059638611        190323.25686806464        490726.96453728341        903039.80261743651      ;   280810.43686116766        53482.584596658366        37789.055354417054        357553.28812856704        903039.80261743651        1868454.5362633986      ]
 Figure of Merit  =   18.763221364112066     
            Err[w] =  0.13296
           Err[wa] =  0.93523
         Err[wa_w] = -0.11234
      Err[ Omega_m]=*********
 Err[ Omega_b]=   5.5288359470471993E-004
     Err[Omega_m_w]= -0.00410
       Err[Omega_k]=*********
     Err[Omega_k_w]=  0.17480
          Err[H_0] =  0.02788
 *** Error on w, with  Om0, ob0, ok0 and  H0 marginalized over ***
 The Fisher Matrix = [   51882.535764975590        10820.466109054621        11506.502394013492       -88318.602995657013        274969.28815111157        409972.75746871968      ;   10820.466109054621        2391.5254471117273        2765.2618132317962       -28550.325704063569        66081.077142207330        89221.040034281250      ;   11506.502394013492        2765.2618132317962        4413.5563799417760       -83002.008291458711        105470.14326775658        119456.67478465344      ;  -88318.602995657013       -28550.325704063569       -83002.008291458711        2403704.6261532237       -1983487.4537452168       -1732634.2326172432      ;   274969.28815111157        66081.077142207330        105470.14326775658       -1983487.4537452168        2520405.3519007834        2854639.5512440260      ;   409972.75746871968        89221.040034281235        119456.67478465344       -1732634.2326172432        2854639.5512440260        3744979.2125628917      ]
 Figure of Merit  =   20.772616918468398     
            Err[w] =  0.12034
           Err[wa] =  0.85346
         Err[wa_w] = -0.09073
      Err[ Omega_m]=*********
 Err[ Omega_b]=   5.1547937658318228E-004
     Err[Omega_m_w]= -0.00467
       Err[Omega_k]=*********
     Err[Omega_k_w]=  0.14676
          Err[H_0] =  0.01505
