           0.00882           0.02005           0.00645
           0.00785           0.01767           0.00572
           0.00718           0.01592           0.00522
           0.00672           0.01461           0.00486
           0.00642           0.01364           0.00461
           0.00627           0.01293           0.00447
           0.00624           0.01247           0.00440
           0.00634           0.01223           0.00443
           0.00660           0.01223           0.00456
           0.00705           0.01249           0.00480
           0.00773           0.01306           0.00518
           0.00872           0.01404           0.00574
           0.01015           0.01553           0.00656
           0.01217           0.01773           0.00772
 === combined ===
 Vsur =   135.95523092513702       h^-3 Gpc^3
 ngal =   1.8954484909606507E-004  10^-3 h^3 Mpc^-3
           0.00196           0.00377           0.00137
 *** Error on w, with  Om0, ob0, ok0 and  H0 marginalized over ***
 The Fisher Matrix = [   23292.077230566756        5378.3483959116375        4101.4493746820390        30822.231875804246        98011.765550137134        152159.61639624514      ;   5378.3483959116365        1283.6312143412499        996.47726241606597        7461.6564263736209        23812.678616211721        35313.291404582393      ;   4101.4493746820390        996.47726241606597        784.94827170417739        5827.6997085560588        18757.799730545110        27139.149418805599      ;   30822.231875804249        7461.6564263736209        5827.6997085560588        45181.885378451800        139263.72980670503        202416.17773666943      ;   98011.765550137134        23812.678616211721        18757.799730545110        139263.72980670503        448252.53257432679        648540.48095432750      ;   152159.61639624511        35313.291404582393        27139.149418805599        202416.17773666940        648540.48095432739        999304.23063572950      ]
 Figure of Merit  =   3.8159007734558918     
            Err[w] =  0.59404
           Err[wa] =  2.33329
         Err[wa_w] = -1.36108
      Err[ Omega_m]=*********
 Err[ Omega_b]=   2.8798317715797634E-003
     Err[Omega_m_w]=  0.04288
       Err[Omega_k]=*********
     Err[Omega_k_w]=  1.47223
          Err[H_0] =  0.02649
 *** Error on w, with  Om0, ob0, ok0 and  H0 marginalized over ***
 The Fisher Matrix = [   32182.397339560339        7838.2477500495388        9722.6806738649211       -113046.63065195232        232341.54847993789        281321.93700379715      ;   7838.2477500495379        1964.2709166582313        2551.8389448746598       -32346.012777187374        60980.940525726714        71051.746842205263      ;   9722.6806738649211        2551.8389448746598        4339.1781454910633       -85138.670805004062        103692.73693866307        108806.76884904198      ;  -113046.63065195232       -32346.012777187374       -85138.670805004062        2373360.1007041130       -2034546.9808065766       -1887771.3430091408      ;   232341.54847993789        60980.940525726714        103692.73693866307       -2034546.9808065766        2477930.9199378272        2600140.2295809169      ;   281321.93700379715        71051.746842205263        108806.76884904198       -1887771.3430091408        2600140.2295809169        2875828.9069352224      ]
 Figure of Merit  =   5.3643236484351391     
            Err[w] =  0.42552
           Err[wa] =  1.73368
         Err[wa_w] = -0.71378
      Err[ Omega_m]=*********
 Err[ Omega_b]=   2.0558619673496175E-003
     Err[Omega_m_w]= -0.00710
       Err[Omega_k]=*********
     Err[Omega_k_w]=  0.61725
          Err[H_0] =  0.01534
