           0.22974          11.78539           0.22928
           0.07956           4.19449           0.07941
           0.01354           0.73215           0.01351
           0.00528           0.31666           0.00527
           0.00356           0.22356           0.00356
           0.00323           0.19384           0.00322
           0.00383           0.19947           0.00382
           0.00588           0.25287           0.00587
           0.01127           0.41456           0.01122
           0.02537           0.86914           0.02523
           0.06312           2.14438           0.06271
           0.16544           5.72134           0.16426
 === combined ===
 Vsur =   1033.7440333066943       h^-3 Gpc^3
 ngal =   6.7651973997096936E-007  10^-3 h^3 Mpc^-3
           0.00176           0.09681           0.00176
 *** Error on w, with  Om0, ob0, ok0 and  H0 marginalized over ***
 The Fisher Matrix = [   7578.2169951994438        1123.7596726860493        985.00157380375902        7926.8958353387907        20102.073460501306        72997.475566755456      ;   1123.7596726860493        172.81880582858778        150.07359758999471        1170.9300984332122        3062.7265615281294        10544.903410889159      ;   985.00157380375902        150.07359758999471        130.73119293034080        1026.7315068328396        2667.9835989665585        9325.7348341546985      ;   7926.8958353387907        1170.9300984332122        1026.7315068328396        8303.7704474597758        20953.704769081822        76445.622922598326      ;   20102.073460501306        3062.7265615281294        2667.9835989665585        20953.704769081822        54448.646300867178        190321.12404186092      ;   72997.475566755456        10544.903410889159        9325.7348341546985        76445.622922598326        190321.12404186092        722415.19727526791      ]
 Figure of Merit  =  0.37611619586554801     
            Err[w] =  0.66278
           Err[wa] =  4.16938
         Err[wa_w] =  0.75323
      Err[ Omega_m]=*********
 Err[ Omega_b]=   9.0727024351366502E-004
     Err[Omega_m_w]= -0.19630
       Err[Omega_k]=*********
     Err[Omega_k_w]=  2.42242
          Err[H_0] =  0.46459
 *** Error on w, with  Om0, ob0, ok0 and  H0 marginalized over ***
 The Fisher Matrix = [   13469.236710224230        2696.8812856656305        5163.6942641233463       -86043.086902111609        105381.51835040300        187554.15995737311      ;   2696.8812856656305        592.90085086263093        1265.9401373633857       -23922.554216103563        25835.513683093719        41135.803601995212      ;   5163.6942641233463        1265.9401373633857        3094.8143983549699       -65629.246400175340        63159.479169261904        90584.532605519489      ;  -86043.086902111609       -23922.554216103563       -65629.246400175340        1507256.0881854717       -1339372.4105424671       -1750893.3057166184      ;   105381.51835040300        25835.513683093719        63159.479169261904       -1339372.4105424671        1288968.9963484793        1848663.9790731040      ;   187554.15995737311        41135.803601995212        90584.532605519489       -1750893.3057166184        1848663.9790731040        2950082.8292645751      ]
 Figure of Merit  =  0.97815557689245214     
            Err[w] =  0.26887
           Err[wa] =  4.13680
         Err[wa_w] =  0.43808
      Err[ Omega_m]=*********
 Err[ Omega_b]=   8.9541490684703429E-004
     Err[Omega_m_w]=  0.01078
       Err[Omega_k]=*********
     Err[Omega_k_w]= -0.90310
          Err[H_0] =  0.15260
