 *** Error on w, with  Om0, ob0, ok0 and  H0 marginalized over ***
 The Fisher Matrix = [   38986.023977679091        8018.3749005370264        6826.6454576195283        51980.428072029346        139319.29869708550        325475.54074067844      ;   8018.3749005370273        1681.3970678029659        1432.9181333838483        11030.952561350612        29243.227976715127        66587.045079492163      ;   6826.6454576195274        1432.9181333838483        1221.2209402086664        9406.4396382735213        24922.876982598573        56674.958641496145      ;   51980.428072029346        11030.952561350612        9406.4396382735213        72891.887496536656        191968.16090368762        430220.44126918179      ;   139319.29869708550        29243.227976715127        24922.876982598573        191968.16090368762        508630.15580424591        1156631.8392595854      ;   325475.54074067844        66587.045079492163        56674.958641496145        430220.44126918179        1156631.8392595854        2721137.4502966767      ]
 Figure of Merit  =   8.9668304583326378E-013
            Err[w] =      NaN
           Err[wa] =*********
         Err[wa_w] =*********
      Err[ Omega_m]=      NaN
 Err[ Omega_b]=   2567.0656095218897     
     Err[Omega_m_w]=*********
       Err[Omega_k]=      NaN
     Err[Omega_k_w]=*********
          Err[H_0] =      NaN
 *** Error on w, with  Om0, ob0, ok0 and  H0 marginalized over ***
 The Fisher Matrix = [   44877.043692703875        9591.4965135166076        11005.338147939116       -41989.554665421048        224598.74358698720        440032.22513129609      ;   9591.4965135166094        2101.4791128370089        2548.7846731572390       -14062.531753186162        52016.015098280717        97177.945270598226      ;   11005.338147939114        2548.7846731572390        4185.3041456332958       -57249.538268734665        85414.372552893910        137933.75641286094      ;  -41989.554665421048       -14062.531753186162       -57249.538268734665        1571844.2052345485       -1168357.9544078615       -1397118.4873700351      ;   224598.74358698720        52016.015098280717        85414.372552893910       -1168357.9544078615        1743150.5058518581        2814974.6942908284      ;   440032.22513129609        97177.945270598226        137933.75641286094       -1397118.4873700351        2814974.6942908284        4948805.0822859835      ]
 Figure of Merit  =   1.3710497395608653E-012
            Err[w] =*********
           Err[wa] =*********
         Err[wa_w] =*********
      Err[ Omega_m]=*********
 Err[ Omega_b]=   1134.1022156190247     
     Err[Omega_m_w]=*********
       Err[Omega_k]=*********
     Err[Omega_k_w]=*********
          Err[H_0] =*********
