 *** Error on w, with  Om0, ob0, ok0 and  H0 marginalized over ***
 The Fisher Matrix = [   8863.1261039575329        1984.3968148852796        1696.5723859845564        13520.597192246601        34623.927150104377        72217.882251712916      ;   1984.3968148852796        453.75043143304987        388.31901795511271        3126.9191523976783        7924.8781247110810        16065.111845932703      ;   1696.5723859845564        388.31901795511271        332.33803120507241        2677.4108928691571        6782.4089774842578        13730.762968716022      ;   13520.597192246601        3126.9191523976783        2677.4108928691571        21677.564022128638        54641.040059013118        109070.54971198569      ;   34623.927150104377        7924.8781247110819        6782.4089774842578        54641.040059013118        138416.51336459187        280219.65975137713      ;   72217.882251712916        16065.111845932703        13730.762968716022        109070.54971198569        280219.65975137713        589584.39315665595      ]
 Figure of Merit  =   4.6276551080509924E-013
            Err[w] =*********
           Err[wa] =*********
         Err[wa_w] =*********
      Err[ Omega_m]=      NaN
 Err[ Omega_b]=   3447.7273184068858     
     Err[Omega_m_w]=*********
       Err[Omega_k]=      NaN
     Err[Omega_k_w]=*********
          Err[H_0] =*********
 *** Error on w, with  Om0, ob0, ok0 and  H0 marginalized over ***
 The Fisher Matrix = [   14754.145818982319        3557.5184278648608        5875.2650763041438       -80449.385545203797        119903.37204000607        186774.56664233058      ;   3557.5184278648608        873.83247646709310        1504.1855577285037       -21966.565162139097        30697.665246276672        46656.012037038759      ;   5875.2650763041438        1504.1855577285037        3296.4212366297015       -63978.567014139029        67273.904547779603        94989.560740080808      ;  -80449.385545203797       -21966.565162139097       -63978.567014139029        1520629.8817601406       -1305685.0752525360       -1718268.3789272311      ;   119903.37204000607        30697.665246276672        67273.904547779603       -1305685.0752525360        1372936.8634122040        1938562.5147826201      ;   186774.56664233058        46656.012037038759        94989.560740080808       -1718268.3789272311        1938562.5147826201        2817252.0251459633      ]
 Figure of Merit  =   1.0035336345523772E-012
            Err[w] =*********
           Err[wa] =*********
         Err[wa_w] =*********
      Err[ Omega_m]=*********
 Err[ Omega_b]=   1938.2517047194031     
     Err[Omega_m_w]=*********
       Err[Omega_k]=      NaN
     Err[Omega_k_w]=*********
          Err[H_0] =*********
