 *** Error on w, with  Om0, ob0, ok0 and  H0 marginalized over ***
 The Fisher Matrix = [   3389.6884187152923        771.29188276975765        537.12760924619272        5044.7660564417083        12835.663810192651        20446.407314833832      ;   771.29188276975765        178.88845669204827        124.71702642069343        1182.4016788359006        2980.3454430308302        4614.0868220607945      ;   537.12760924619272        124.71702642069343        86.955522190678650        824.84150678271430        2077.9640258032578        3211.6770551129011      ;   5044.7660564417083        1182.4016788359006        824.84150678271430        7859.5097646172435        19711.122823520556        30039.597490547538      ;   12835.663810192649        2980.3454430308302        2077.9640258032578        19711.122823520556        49656.817459666170        76749.000119715900      ;   20446.407314833832        4614.0868220607945        3211.6770551129011        30039.597490547538        76749.000119715900        123764.54523854217      ]
 Figure of Merit  =   2.8931849909076929E-013
            Err[w] =*********
           Err[wa] =*********
         Err[wa_w] =*********
      Err[ Omega_m]=*********
 Err[ Omega_b]=   4651.6717976692480     
     Err[Omega_m_w]=*********
       Err[Omega_k]=      NaN
     Err[Omega_k_w]=*********
          Err[H_0] =      NaN
 *** Error on w, with  Om0, ob0, ok0 and  H0 marginalized over ***
 The Fisher Matrix = [   12280.008527708876        3231.1912369076590        6158.3589084290752       -138824.09647131487        147165.44673999341        149608.72792238585      ;   3231.1912369076590        859.52815900902954        1680.0787088792872       -38625.267524725095        40148.607352545820        40352.542259683672      ;   6158.3589084290752        1680.0787088792872        3641.1853959775640       -90141.529006777404        87012.901233921220        84879.296485349289      ;  -138824.09647131487       -38625.267524725095       -90141.529006777404        2336037.7250902783       -2154099.5877897609       -2060147.9232552627      ;   147165.44673999341        40148.607352545820        87012.901233921220       -2154099.5877897609        2079335.2048231664        2028348.7487463055      ;   149608.72792238585        40352.542259683672        84879.296485349289       -2060147.9232552627        2028348.7487463055        2000289.2215380350      ]
 Figure of Merit  =                       NaN
            Err[w] =      NaN
           Err[wa] =*********
         Err[wa_w] =*********
      Err[ Omega_m]=*********
 Err[ Omega_b]=                       NaN
     Err[Omega_m_w]=*********
       Err[Omega_k]=*********
     Err[Omega_k_w]=*********
          Err[H_0] =*********
