 === combined ===
 Vsur =   488.54182310106972       h^-3 Gpc^3
 ngal =   1.8954484909606507E-004  10^-3 h^3 Mpc^-3
 *** Error on w, with  Om0, ob0, ok0 and  H0 marginalized over ***
 The Fisher Matrix = [   471998.81184679765        107179.88626022423        100434.49110902005        627766.40933120565        2049683.5456263106        4175991.2563264952      ;   107179.88626022423        25151.032451970063        23980.110253995725        149689.71998783536        489390.01798263198        956629.30457574711      ;   100434.49110902005        23980.110253995725        23186.381788420822        143644.79005283979        473191.47744521708        904994.39149611676      ;   627766.40933120565        149689.71998783536        143644.79005283979        933281.55401843390        2931526.4042773573        5614862.4597428842      ;   2049683.5456263106        489390.01798263198        473191.47744521708        2931526.4042773573        9656969.1800126825        18469273.778867114      ;   4175991.2563264952        956629.30457574700        904994.39149611664        5614862.4597428842        18469273.778867114        37195120.622499309      ]
 Figure of Merit  =   72.517989155601029     
            Err[w] =  0.13604
           Err[wa] =  0.53778
         Err[wa_w] = -0.07185
      Err[ Omega_m]=      NaN
 Err[ Omega_b]=   6.2878460849074939E-004
     Err[Omega_m_w]= -0.00141
       Err[Omega_k]=      NaN
     Err[Omega_k_w]=  0.06959
          Err[H_0] =  0.00553
 *** Error on w, with  Om0, ob0, ok0 and  H0 marginalized over ***
 The Fisher Matrix = [   477889.83156182244        108753.00787320381        104613.18379933963        533796.42659375526        2134962.9905162123        4290547.9407171132      ;   108753.00787320381        25571.114497004106        25095.976793769114        124596.23567329858        512162.80510419759        987220.20476685313      ;   104613.18379933963        25095.976793769114        26150.464993845449        76988.812145831602        533682.97301551246        986253.18926748156      ;   533796.42659375526        124596.23567329858        76988.812145831602        2432233.8717564456        1571200.2889658082        3787523.5311036673      ;   2134962.9905162123        512162.80510419759        533682.97301551246        1571200.2889658082        10891489.530060295        20127616.633898359      ;   4290547.9407171132        987220.20476685301        986253.18926748144        3787523.5311036673        20127616.633898359        39422788.254488617      ]
 Figure of Merit  =   101.17260110713754     
            Err[w] =  0.09813
           Err[wa] =  0.40171
         Err[wa_w] = -0.03816
      Err[ Omega_m]=      NaN
 Err[ Omega_b]=   4.5077206901737569E-004
     Err[Omega_m_w]= -0.00010
       Err[Omega_k]=      NaN
     Err[Omega_k_w]=  0.03677
          Err[H_0] =  0.00324
